time,x,y,z,phi,theta,psi,x_velocity,y_velocity,z_velocity,phi_velocity,theta_velocity,psi_velocity,rotor_speed1,rotor_speed2,rotor_speed3,rotor_speed4
0.06,8.58441951057e-08,2.98155408189e-07,10.0018828901,0.000294655096988,6.28299019278,0.0,1.13525095951e-05,2.5570089513e-05,0.0627610309825,0.0132665232894,-0.0107124330775,0.0,425.76731574873736,424.8500492985322,423.96314584032194,425.1011948733735
0.12000000000000001,7.87157456279e-06,1.20385567573e-05,10.0103730666,0.000583464681967,6.28223599062,0.0,0.000325048856291,0.000437923200524,0.220226779517,-0.0231369739355,-0.0165712105729,0.0,454.96132681946096,454.49220392051905,456.28677440951253,453.3717795839257
0.18,5.30283613539e-05,4.58859840922e-05,10.0286566458,6.28252964912,6.28135026156,0.0,0.00128536624478,0.000543348622174,0.389182723798,-0.0160957713456,-0.0113696339683,0.0,458.27899857244853,458.6923045670962,457.89188421602717,458.45161864636486
0.23999999999999996,0.000172901509531,6.06816744857e-05,10.0561484535,6.28189579889,6.28067323809,0.0,0.00278344533247,-0.000134241238799,0.527156513479,-0.00132031814782,-0.011112457822,0.0,448.8913390071769,448.9123297975925,448.4352347818173,449.6337716144936
0.3,0.000394384903832,2.59139201032e-05,10.0907617217,6.28202557591,6.27987830635,0.0,0.0046732973305,-0.00102124926169,0.626569111986,0.00835056639364,-0.017906165102,0.0,437.64202166166774,437.0763819024601,436.27911623131695,437.0856776089789
0.36000000000000004,0.000758989625573,-6.02014002196e-05,10.1347387174,6.28307950768,6.27888195374,0.0,0.00760246527182,-0.0017515460434,0.839198298156,0.0315208722204,-0.0141246000486,0.0,471.52977926246353,471.821882473587,470.86725567287584,472.6560089882497
0.4200000000000001,0.00129993692071,-0.00016040311756,10.1864378751,0.00204346524638,6.27798669395,0.0,0.0105106816142,-0.00139785423573,0.884072546873,0.0432694666368,-0.0165632767185,0.0,419.9031829402464,419.6916900764028,419.25044903201706,420.27050126022374
0.48000000000000015,0.00202872824049,-0.000197547972457,10.2400979549,0.00518094982589,6.27722664867,0.0,0.0138605336048,0.000422234115528,0.90457939108,0.066017478675,-0.00583503887801,0.0,411.0416261017066,411.9912471517532,410.9165476064253,412.929840981005
0.5400000000000001,0.003004770688,-2.79206632656e-05,10.3006929127,0.0104550377646,6.27647840665,0.0,0.0187318408379,0.00579936062714,1.11506674286,0.113142873688,-0.0310324038469,0.0,472.4013658002413,470.4547141123865,469.75636891543417,473.4012330172105
0.6000000000000002,0.0042660325532,0.000548165908506,10.369420072,0.0169078091652,6.27465450995,0.0,0.0234870280271,0.0140428570884,1.175768291,0.0929747821143,-0.0291594857096,0.0,426.255477157136,426.4151379430025,425.59595402423236,423.87700111838404
0.6600000000000003,0.00585793562716,0.00176099569427,10.442934995,0.0226569924715,6.27289056497,0.0,0.0297543686852,0.0269601627005,1.27461107633,0.100972509843,-0.0298825523903,0.0,438.02678743556476,437.9663840092652,437.6120442074817,438.2851368986076
0.7200000000000003,0.00788173532249,0.00391244337744,10.5241925651,0.0288855442666,6.27106782022,0.0,0.0379038696456,0.0454312448674,1.43376883383,0.108948076819,-0.0313909146261,0.0,456.53531207135853,456.4146811908242,457.1498354190928,457.7938546581152
0.7800000000000004,0.0103569213526,0.00712331671827,10.6086704719,0.0354358946021,6.26910521597,0.0,0.0447560599569,0.062120370796,1.3822065605,0.109617234808,-0.0354876775642,0.0,387.79384216621764,387.4082746301753,388.5485000265539,388.623613589549
0.8400000000000004,0.0133419656527,0.0116090841091,10.6946298599,0.042060502552,6.26671342617,0.0,0.0549725779895,0.0880743684191,1.48295050195,0.111949221596,-0.0504860304679,0.0,440.1696129686495,438.9258774689384,438.7881709668634,438.9926500077161
0.9000000000000005,0.0169636848338,0.0177156043588,10.7849230874,0.0485771338441,6.26381758049,0.0,0.0660277801981,0.11609409717,1.52673149901,0.100927185238,-0.044155619461,0.0,420.3152880709686,420.8619288917455,422.1713849100603,421.2303983616502
0.9600000000000005,0.0213376482678,0.0257125390395,10.8796010385,0.0548175413453,6.26092557302,0.0,0.0800503179997,0.151092348529,1.62901879447,0.10954266141,-0.057848453522,0.0,440.225157147537,439.0892576529802,440.5125987299165,441.23387118162736
1.0200000000000005,0.0266050252944,0.0359136764583,10.9799324901,0.0613685800145,6.25757073054,0.0,0.0958671892155,0.18959303888,1.71518729982,0.108457435203,-0.0523029938429,0.0,435.366799085014,435.82830039580733,435.5335705371874,435.4535873394634
1.0800000000000005,0.0329837368453,0.0487846517446,11.0890581819,0.0678725449988,6.25412921107,0.0,0.117132751319,0.240183356163,1.92194493491,0.108283227547,-0.070106282588,0.0,474.49803918792946,473.1272758540425,472.0641465505481,472.06029800198945
1.1400000000000006,0.040604403622,0.0645662768985,11.2065354547,0.0739828895091,6.2499372102,0.0,0.137297091196,0.28648094585,1.99377689735,0.0840835007871,-0.0693919837295,0.0,431.7238171195863,431.78020364767474,433.63201897134803,431.60351153510607
1.2000000000000006,0.0494844530833,0.0831700749181,11.3273673729,0.0786817780545,6.24674382873,0.0,0.15903427727,0.33409383188,2.03382761051,0.0631254584425,-0.032337449356,0.0,421.73119361497925,424.9170303308423,421.9847097849528,420.17687443660634
1.2600000000000007,0.06003338911,0.105383891946,11.4590106483,0.0825318791869,6.24483837024,0.0,0.192832831665,0.406827572591,2.35361221651,0.0661756541278,-0.0306227355906,0.0,506.3329826198105,506.4560915952561,506.7502004874817,506.9718522862656
1.3200000000000007,0.0726598078139,0.132062448846,11.609777708,0.086563742388,6.24273894109,0.0,0.228281976885,0.482931068086,2.67119333611,0.0691663279133,-0.0455908822241,0.0,507.2663755133359,506.1900172410442,507.8589106106569,508.07612274685175
1.3800000000000008,0.0872344253152,0.162904998441,11.7737424496,0.0907172079276,6.23975091524,0.0,0.257825732895,0.545558581369,2.79393453424,0.0693403084936,-0.0599294098743,0.0,452.2395355216292,451.0815586441758,452.43585413550824,452.4534027479019
1.4400000000000008,0.10376651909,0.197836462529,11.9477138473,0.0951601869966,6.23596746028,0.0,0.293655820563,0.619276132731,3.00448793008,0.082105637348,-0.0701876692957,0.0,480.3484674199368,479.56731725057006,478.03645671683734,479.0119895209567
1.5000000000000009,0.122360579301,0.236937591202,12.1305515245,0.100140973726,6.23210660428,0.0,0.326535553843,0.684557075164,3.08977869004,0.0847678508959,-0.054677269418,0.0,442.415764761457,443.68786890835645,441.70492641317077,441.9300777601811
1.560000000000001,0.14312707592,0.280298507973,12.3208871663,0.105570911595,6.22873693653,0.0,0.366026510822,0.761336804275,3.25417228444,0.100016379012,-0.0593061534956,0.0,467.2095806459522,466.8465531032135,467.4328494527108,468.6259788077842
1.620000000000001,0.166174905936,0.328071281496,12.5180871433,0.111671380861,6.22526167719,0.0,0.402562553757,0.831641281365,3.31885433961,0.104797608593,-0.0552864489928,0.0,437.52430315221835,437.856469295564,437.69263353038633,438.0994906436207
1.680000000000001,0.191352975106,0.379932571024,12.7169591119,0.117530409395,6.22196573375,0.0,0.436989584502,0.897583841038,3.31012252297,0.0768715324187,-0.0542337898513,0.0,414.2505102450971,414.340805777957,415.39526838077325,412.94757473803014
1.740000000000001,0.218794933204,0.436114447099,12.9175609166,0.122289835646,6.21892502119,0.0,0.478031553205,0.975558289638,3.37629214389,0.0838227407283,-0.0443796303141,0.0,439.4137674089779,440.2282477763767,438.16715381279874,438.7497975845223
1.8000000000000012,0.248704364506,0.496967074944,13.1213112554,0.127416442117,6.21628188475,0.0,0.519184131761,1.05329988864,3.41514745978,0.0885004123751,-0.0434056627436,0.0,431.7625962391929,431.8436045617647,429.9540789221811,430.35647855930483
1.8600000000000012,0.281299381481,0.562896009962,13.3298321997,0.133170022378,6.21346874903,0.0,0.567569104258,1.14484309263,3.53502842381,0.107621734548,-0.0549543906097,0.0,458.1866597936464,457.2662697765432,455.99958537196443,457.53197220254225
1.9200000000000013,0.316845072784,0.634413243535,13.5453233978,0.139764282631,6.21046838211,0.0,0.617581333463,1.2396666675,3.6474698414,0.114114423427,-0.0415990962049,0.0,455.699850445574,456.7646693818594,455.6469529343188,456.17605234053934
1.9800000000000013,0.355738904278,0.712306930425,13.7714170557,0.146356910009,6.20773782065,0.0,0.679131098867,1.35746969247,3.8879531531,0.0996729759675,-0.0547735499824,0.0,495.9348224178545,494.965144958284,495.60577746983137,494.5523788019011
2.0400000000000014,0.397666008843,0.796015161641,14.0024219258,0.152363308232,6.20409358623,0.0,0.718712448527,1.43326632551,3.81231589383,0.100959474996,-0.076643661929,0.0,398.78557595848,396.7792999204061,396.344423919376,396.4726289401079
2.1000000000000014,0.442202524065,0.884693170152,14.2310303092,0.158600056419,6.19955390926,0.0,0.766227766991,1.52316192795,3.80778296098,0.109329926163,-0.0737666249925,0.0,421.1332223916991,421.3771737808738,421.4265546317053,422.15951864623827
2.1600000000000015,0.48993527614,0.979370533203,14.4624491229,0.165105671116,6.19500629776,0.0,0.825281863556,1.63331175648,3.9055895511,0.106558487529,-0.0801885048127,0.0,456.59188168252746,456.0748391139609,453.9926279636757,453.78026723581763
2.2200000000000015,0.541351604855,1.08086785921,14.7002046544,0.171939120768,6.19008532951,0.0,0.889054647402,1.75049980861,4.01891102297,0.125541133344,-0.0859451150602,0.0,461.58729759367327,461.1275441142777,460.24961400038114,461.7605203555113
2.2800000000000016,0.596864710261,1.18983905184,14.9464499698,0.179489070663,6.18484474054,0.0,0.961893381426,1.88254527866,4.18829058718,0.126408369124,-0.0902949173123,0.0,479.89500980290427,479.55897985705036,479.47787498236085,479.55690294832874
2.3400000000000016,0.656605659274,1.30642282335,15.2002215692,0.187513679879,6.17975686169,0.0,1.02994508729,2.00423181292,4.27010445563,0.145395631781,-0.0756081478618,0.0,454.04358405732654,455.21463888823195,454.3586154617506,455.8942350335217
2.4000000000000017,0.720171975837,1.4298226291,15.4555082542,0.196027286902,6.17503494629,0.0,1.08930858986,2.10976126766,4.23924892014,0.133772333906,-0.0857289101987,0.0,420.7590993705877,419.8764760164367,419.04221187766575,418.0504917804769
2.4600000000000017,0.787658742596,1.56018402319,15.7113990539,0.204089113225,6.16955636181,0.0,1.16070810877,2.2362547061,4.2898659412,0.135519911182,-0.105828086697,0.0,447.44071289260336,445.79401126337456,447.108336284803,447.2672287396667
2.520000000000002,0.85919763165,1.69767546652,15.9673877019,0.212460544143,6.16350409497,0.0,1.2244197653,2.34740324436,4.24290814379,0.146515710978,-0.0924548083979,0.0,414.5570397073685,415.7209602815846,415.70676740010845,416.6887209813135
2.580000000000002,0.935157240437,1.84284388671,16.2245687211,0.222170688796,6.15739025035,0.0,1.30806263534,2.49229448842,4.32895715213,0.181969756323,-0.138178015566,0.0,461.7216185305408,458.08976391175656,458.5746929764522,461.40558659541165
2.640000000000002,1.01548411827,1.99553039494,16.4808582277,0.234002998898,6.14883459966,0.0,1.37012703461,2.59805492164,4.21401573543,0.217259356145,-0.153326863153,0.0,394.34681316163534,392.9226424572624,392.32768257581563,395.6330652825967
2.700000000000002,1.10058585437,2.15630628057,16.7367728391,0.246764894987,6.13933419104,0.0,1.46746519659,2.76220873016,4.31530992741,0.201534252136,-0.17093483785,0.0,466.8927854904907,465.49400936457124,468.38786860819954,467.2051007805215
2.760000000000002,1.19105050798,2.3260302403,16.9941729701,0.258714226495,6.12909787924,0.0,1.54884070824,2.89610555782,4.26425247448,0.193923992058,-0.169954853427,0.0,419.3743228924179,419.4296324135991,419.64711944151543,419.02728454893185
2.820000000000002,1.28718772347,2.50498308463,17.2522647666,0.270827182292,6.11935370118,0.0,1.65661862995,3.06987366243,4.33768455895,0.2143126191,-0.1504780961,0.0,460.91283835043373,462.4254055623925,461.2415815778408,462.8869499376498
2.880000000000002,1.39017655041,2.69489946591,17.5157892932,0.283800843593,6.11193882881,0.0,1.77702362109,3.26165279522,4.4450918125,0.219800182696,-0.0952474400489,0.0,472.8052964073058,477.0271127396342,474.8503912418218,475.3140600490538
2.940000000000002,1.5000787276,2.89583212903,17.7831382,0.29653258746,6.10586878728,0.0,1.88681475693,3.4370280848,4.46560402935,0.189240609262,-0.116903605986,0.0,451.2483897327913,449.4875045050454,451.01392138113596,448.5814087179029
3.000000000000002,1.61696322273,3.10794804133,18.0531145457,0.308247306865,6.09899798649,0.0,2.00986788684,3.63426184076,4.53238867944,0.205132720156,-0.11012044358,0.0,466.7217964230711,467.239969389706,466.712703645576,467.9865075323876
3.0600000000000023,1.74116739349,3.33178303515,18.3259984937,0.320604465878,6.09232920594,0.0,2.13075348515,3.82769914637,4.56264222363,0.207541366134,-0.113279411601,0.0,457.51916134664236,457.25697038556234,458.5829739976073,458.81451283738016
3.1200000000000023,1.87261302187,3.56720489525,18.5999384108,0.333350661284,6.08547015894,0.0,2.25125226076,4.02047673663,4.56765869932,0.220755985759,-0.116476745173,0.0,451.9241708037207,451.65490423455947,452.01509350300194,453.1223425741422
3.1800000000000024,2.01151434729,3.81456234104,18.8745644326,0.346892435583,6.07862470569,0.0,2.37926710971,4.22558507903,4.585334315,0.234080263307,-0.109705430738,0.0,458.76138724426517,459.28766619926876,457.9711584320975,459.0785228696143
3.2400000000000024,2.15763734083,4.07348913216,19.1475230247,0.360831793905,6.07249753993,0.0,2.49191687236,4.40613394587,4.51256898735,0.228560810422,-0.0901462543187,0.0,429.4613208271295,431.1078559359918,431.03101266599043,430.6197921620656
3.3000000000000025,2.31064335231,4.34349003575,19.4161751071,0.374581767169,6.06724075748,0.0,2.60860607346,4.59467641927,4.44175065489,0.230348094447,-0.0829781041696,0.0,432.7143046366292,433.3108429253936,432.79558652182044,432.99975377316184
3.3600000000000025,2.47125964828,4.62587456623,19.6827334948,0.388744717748,6.06247336703,0.0,2.74550136981,4.81889828588,4.44225788726,0.245514279899,-0.073212112403,0.0,458.84487696430557,459.61481032460233,459.08603094778437,460.3412637572272
3.4200000000000026,2.6400207673,4.92168062933,19.9486076419,0.40346633645,6.0580841251,0.0,2.88004837449,5.04208319284,4.41900341042,0.245051235303,-0.0730381892009,0.0,454.11630948649713,454.1262359468244,454.55323866071063,454.57490745915925
3.4800000000000026,2.81617776281,5.22980763781,20.2099935793,0.417962918268,6.05344054402,0.0,2.99209451041,5.22957475856,4.29328486173,0.233661173209,-0.087949552546,0.0,420.1124569254898,418.81192452782517,422.0020335657609,421.07915327754256
3.5400000000000027,3.00003620115,5.55093913978,20.4673144919,0.431812424633,6.047817646,0.0,3.13674938881,5.47539952542,4.28265920248,0.224459401814,-0.108889230987,0.0,463.7089818656668,462.05344419108246,463.73341883736026,463.0604332503262
3.6000000000000028,3.19316952284,5.88787721648,20.7257482387,0.445084484657,6.04122117804,0.0,3.30131195963,5.75628071675,4.32987883516,0.213740032298,-0.11213058408,0.0,485.88914098350494,485.6364672700461,486.2802618560319,485.5202373680142
3.660000000000003,3.39456364233,6.23883016441,20.9805597895,0.457843368237,6.03459692923,0.0,3.41221785368,5.94268130462,4.16341956349,0.210373740971,-0.107160123291,0.0,414.09190815956237,414.51729170238644,413.9094618989486,413.6612794840426
3.720000000000003,3.60355980706,6.60258832747,21.22835685,0.471167051865,6.02860602902,0.0,3.55458898728,6.18297671225,4.09528715273,0.238710141034,-0.0882232976614,0.0,450.41714647030454,451.9378127003862,451.55627782004547,453.88381519982994
3.780000000000003,3.82105885949,6.98069931379,21.4715284843,0.485319876926,6.0229885561,0.0,3.69556747251,6.4211718226,4.00925510492,0.229531151272,-0.107520611904,0.0,449.301679405462,447.72643478284266,448.7475097739738,448.05645672086087
3.840000000000003,4.04667504311,7.37250962972,21.7080257271,0.498935503984,6.01654077429,0.0,3.82526777429,6.63957808843,3.87312866296,0.221143595068,-0.107348214401,0.0,432.7941327465624,432.7981648573743,432.894855647329,432.24092148999574
3.900000000000003,4.28021390925,7.77764467703,21.9364440959,0.512660007284,6.01012888104,0.0,3.95963093035,6.86525680749,3.73988833576,0.240719256882,-0.10591614706,0.0,435.7725274251144,435.88199341544725,435.3298023320708,437.0177571312985
3.960000000000003,4.52188834185,8.19642801701,22.1567405028,0.527951449395,6.0039226218,0.0,4.09641256663,7.09456078275,3.6022846172,0.273907200058,-0.0988953297621,0.0,436.5066688077584,437.0828138351425,435.4851857879505,438.3180034462174
4.020000000000002,4.77075360461,8.62718964492,22.3653939118,0.544559029641,5.99834679614,0.0,4.19938442528,7.26475243605,3.35256954704,0.282005251853,-0.0830902102026,0.0,393.1543219523855,394.60787717299314,393.60968736767904,394.4467545074845
4.080000000000001,5.0263551503,9.06917639828,22.5604758922,0.561081039359,5.99291027696,0.0,4.32083299085,7.46861743884,3.14945672423,0.256860691583,-0.113171188547,0.0,415.9936922538613,413.34221584534,415.602401961191,413.4737537801438
4.14,5.28963949417,9.52411064546,22.7442267244,0.57644471149,5.98577721185,0.0,4.45554962145,7.69610315713,2.97459650586,0.254415997036,-0.133866458696,0.0,429.0237348895073,427.2487214002182,428.3979388687418,428.2585454282954
4.199999999999998,5.56129858861,9.99316225683,22.9179357186,0.591682378047,5.97822713346,0.0,4.60000498181,7.93905948741,2.81451667597,0.253037497685,-0.113307532508,0.0,436.5637041422644,438.26134247381276,436.58237992769847,436.53335448579713
4.259999999999997,5.84118083567,10.4759469723,23.0805256046,0.606828866424,5.97134489035,0.0,4.72962322062,8.15393778626,2.6043643552,0.251224652823,-0.117651642565,0.0,419.60589019409105,419.2158489975421,419.40205643401634,419.31265848146245
4.319999999999996,6.12927922801,10.9723533597,23.231347744,0.621990506903,5.96467930844,0.0,4.87380460891,8.39295917621,2.42195684084,0.255475968278,-0.10045157611,0.0,432.9260642087402,434.35992731132416,432.96352323472115,433.38703340072084
4.379999999999995,6.42810902193,11.4867389517,23.3760482701,0.637726486451,5.95840186086,0.0,5.08695547185,8.75270287941,2.3987733803,0.273202163537,-0.114638556258,0.0,499.15278622667927,498.10771567889554,498.5173606112125,499.87182554141845
4.439999999999993,6.73623136265,12.0164971187,23.5106358894,0.654621539509,5.95155078473,0.0,5.18408068532,8.90623734628,2.08735455402,0.294525043884,-0.113292629442,0.0,385.3875824861846,385.50103194758566,383.88588536289114,385.99750755102986
4.499999999999992,7.05122845727,12.5572858815,23.6287731438,0.672092250889,5.94444492387,0.0,5.31593685928,9.12009595683,1.84959738773,0.283488974572,-0.131440516089,0.0,420.7563377056454,419.16784242360836,421.1241891411784,420.259397192941
4.559999999999991,7.3755597563,13.1133715473,23.7355306543,0.68945938385,5.93642172507,0.0,5.49506609753,9.41563145508,1.70700030061,0.299275712861,-0.138714499997,0.0,464.7808740686977,464.19455830704817,463.77472187125016,465.0940867783625
4.6199999999999894,7.70991719267,13.6858390255,23.831815829,0.70705173328,5.92794236337,0.0,5.65023136909,9.66629338015,1.50099707384,0.276949681573,-0.147121501621,0.0,443.5092957830801,442.79927112934985,443.70881171943216,441.9585009844524
4.679999999999988,8.05366056733,14.2733832428,23.9155752091,0.723668069536,5.91919844911,0.0,5.80792920805,9.91803003238,1.28953345251,0.276917491626,-0.1430913122,0.0,444.60118309573653,444.91153410732204,445.0970033946576,445.1718364582503
4.739999999999987,8.40832496517,14.8784537746,23.9891934747,0.741260447554,5.91003338395,0.0,6.0139820616,10.2499739817,1.16191218835,0.31416234311,-0.191793672822,0.0,486.92688746867435,483.2463819587451,484.98632983335926,487.8537160043134
4.799999999999986,8.77606665426,15.5045184418,24.0560299503,0.759854585632,5.89871093861,0.0,6.24387509413,10.6174384753,1.06272034558,0.299653795832,-0.183164554364,0.0,505.4464269189899,506.03821543198046,504.85682801536854,503.89381709833447
4.859999999999984,9.15627788309,16.1501687733,24.1140050867,0.77747080806,5.88801770943,0.0,6.42972217989,10.9031688083,0.867626351068,0.277421971391,-0.169827896048,0.0,472.7243749590884,473.72270024991394,473.0244765015963,471.3900675300829
4.919999999999983,9.5453942757,16.8090179174,24.1560956238,0.794156086567,5.87803660458,0.0,6.54103048481,11.0581829988,0.534934487843,0.279384744042,-0.160183558868,0.0,412.14082283454786,412.9639425921927,411.56701649906717,411.82578676965505
4.979999999999982,9.94344350748,17.4807868689,24.1817268423,0.810503376286,5.86798229666,0.0,6.7270176562,11.3328864049,0.317547117902,0.252704055204,-0.18946614791,0.0,473.25049324291217,470.9642134158333,471.7016315226749,469.70539517479034
5.0399999999999805,10.351951051,18.1677012902,24.1929263063,0.825575963476,5.85670520175,0.0,6.88985068567,11.5631487933,0.0544499004116,0.248047197178,-0.185086890194,0.0,454.9775950307839,455.2948234746795,455.1545162852801,454.84317959622825
