episode,total_reward
1,4103.54942889
2,4103.56000767
3,4103.54325336
4,4103.57284655
5,4103.55485969
6,3008.46862717
7,4652.62397989
8,3830.1272692
9,3283.08350983
10,3556.39740196
11,3831.24051453
12,2460.18565723
13,4926.45555503
14,9058.2359525
15,2734.54400279
16,2734.10728159
17,3280.91874245
18,2187.3353429
19,1914.1225008
20,3006.66290101
21,2734.03062869
22,2734.35395257
23,2461.37427714
24,2460.86954429
25,3007.43911374
26,2461.25356277
27,4101.41966738
28,2734.34194192
29,2460.96322703
30,2461.26741226
31,2460.58774382
32,3281.57755703
33,2187.43889487
34,2187.01131266
35,1640.5230432
36,1913.6590898
37,1913.60705196
38,1640.09181705
39,1640.04741159
40,1640.33475929
41,1640.30407791
42,1640.12700718
43,1913.10833217
44,15094.7345636
45,2733.09882585
46,1913.43366865
47,1640.08280248
48,1639.98644394
49,1640.14646245
50,1913.55433488
51,2186.56760036
52,2460.03603961
53,1640.21073454
54,1640.26455357
55,1913.48994914
56,1913.66097767
57,1913.94776992
58,2460.80067692
59,3555.34049274
60,3830.22993955
61,9295.58057895
62,3283.65830548
63,3556.25480092
64,3282.24499893
65,2187.75784274
66,1914.65162237
67,2187.82173478
68,2188.24134478
69,5474.86248216
70,5475.72590823
71,3280.60259369
72,2186.76749459
73,3006.45197331
74,1640.01035232
75,1913.44606153
76,2186.76331234
77,1640.10151756
78,2186.60441306
79,2187.15829978
80,4647.98517571
81,1913.50014091
82,2733.81472523
83,3008.39446324
84,3009.07869284
85,3009.15199865
86,4653.63520559
87,4103.26221291
88,2460.56169152
89,2460.20560925
90,1913.42020481
91,1366.93174185
92,1366.75624879
93,1366.7473667
94,1366.77889759
95,1366.70486644
96,1366.68857405
97,1366.69066771
98,1366.69790218
99,1639.88166306
100,1639.93943968
101,1639.97932279
102,1640.04671571
103,1640.08269871
104,1913.37327004
105,1640.03096741
106,1640.01056323
107,1913.52044659
108,1913.57078678
109,1913.56084678
110,2733.6188956
111,2186.6044345
112,1913.58100302
113,1913.35475118
114,1913.40003105
115,1913.5830898
116,1640.34073357
117,1913.56740697
118,1913.75994907
119,2187.23010515
120,2460.83790523
121,2734.57760817
122,2734.53261896
123,2460.60308085
124,2187.25775637
125,1913.51543194
126,1640.13489171
127,1640.14232037
128,1640.10979289
129,1640.13952655
130,1913.27764853
131,1913.28019993
132,1913.43326996
133,2186.68007269
134,1913.56762994
135,2186.87454802
136,1913.54080322
137,2460.4716936
138,1913.53279195
139,2186.66382636
140,1913.27287496
141,2186.55838843
142,1913.59531367
143,1913.40370385
144,1913.67720289
145,2186.69822237
146,2187.30975076
147,3008.09163258
148,2734.69773869
149,2461.26854752
150,2461.27554581
151,3007.91716115
152,2734.6396515
153,2734.56916518
154,2734.63564561
155,3281.88297987
156,2734.5943643
157,2734.50558918
158,22884.970363
159,21282.2850094
160,23460.5486574
161,23488.549978
162,23476.1167466
163,23472.5953178
164,23481.7082392
165,23467.650254
166,23404.6895135
167,23473.0142349
168,23429.6864513
169,23451.2557287
170,23479.6987697
171,23479.7861662
172,23489.9626979
173,23433.7860964
174,23458.825615
175,23488.1377391
176,23466.6989106
177,23476.326907
178,23494.3376964
179,23480.9260654
180,23490.7277773
181,23482.8711156
182,23494.2010407
183,23491.3343069
184,23449.3569213
185,23446.874655
186,23480.4214093
187,23488.561283
188,23487.0446364
189,23476.9516719
190,23490.6947899
191,23464.0447827
192,23484.434472
193,23478.9037557
194,23379.0248374
195,23485.736646
196,23460.7040488
197,23486.4575544
198,23480.9202593
199,23486.4838514
200,23479.7238947
201,23492.3473035
202,23437.9614035
203,23484.2736633
204,23446.9843054
205,23479.4574547
206,23424.1964431
207,23484.7881921
208,23465.3278453
209,23487.3519786
210,23491.6238978
211,23454.7174504
212,23464.0795187
213,23474.827238
214,23467.0105974
215,23488.9705366
216,23490.3084032
217,23329.5902631
218,23426.0960953
219,23489.6089174
220,23485.0057598
221,23483.1636831
222,23479.4703274
223,23485.3652375
224,23489.4801396
225,23498.3766553
226,23488.0402433
227,23488.0254119
228,23477.5336915
229,23485.9641831
230,23489.4146739
231,23447.3696002
232,23484.1807201
233,23485.6640246
234,23481.9937224
235,23488.2618879
236,23428.3494353
237,23436.2571897
238,23472.6299439
239,23486.9621375
240,23426.5004959
241,23468.2449867
242,23482.1899262
243,23475.5639703
244,23479.5370592
245,23451.4604448
246,23477.203769
247,23477.9008007
248,23484.6114133
249,23483.6891431
250,23476.0998742
251,23484.689191
252,23493.1073802
253,23488.5136397
254,23477.110611
255,23483.2567617
256,23455.6603197
257,23483.4197398
258,23488.6595749
259,23454.4198473
260,23487.0368921
261,23447.1755677
262,23455.4150074
263,23495.2776714
264,23468.7595068
265,23458.6990643
266,23486.171001
267,23479.2952062
268,23489.2704004
269,23492.1713859
270,23480.5864461
271,23485.0535401
272,23485.7801313
273,23450.9631644
274,23473.4279491
275,23470.7516168
276,23483.2112062
277,23478.0038643
278,23487.8613881
279,23482.1403508
280,23480.9830683
281,23477.005943
282,23464.3534201
283,23485.912163
284,23489.1536842
285,23472.2216115
286,23446.0286903
287,23449.2149273
288,23478.9792044
289,23462.2385171
290,23484.5800789
291,23472.0287073
292,23445.7497407
293,23477.1992395
294,23486.2990938
295,23461.7003831
296,23491.5246309
297,23487.2836907
298,23483.4404025
299,23482.710001
300,23481.8179106
301,23486.5902001
302,23448.0678561
303,23484.9404442
304,23487.8464682
305,23458.7061758
306,23492.5511962
307,23486.2067942
308,23458.8554936
309,23463.287054
310,23492.5443672
311,23465.2818611
312,23466.0530455
313,23447.6250819
314,23463.4474487
315,23487.8422213
316,23485.198267
317,23477.5013047
318,23483.0370424
319,23483.5599575
320,23459.4321732
321,23486.9171667
322,23457.6207594
323,23490.6505282
324,23479.3885285
325,23482.3887782
326,23467.455142
327,23475.5784241
328,23433.6834814
329,23484.1203597
330,23475.7156839
331,23475.6225502
332,23489.8242924
333,23488.1844405
334,23486.3837998
335,23492.1503729
336,23487.6252833
337,23492.2670841
338,23459.32025
339,23489.2116814
340,23483.806434
341,23422.1879992
342,23474.8097182
343,23400.0577152
344,23477.671204
345,23478.6101502
346,23486.7312236
347,23484.5929313
348,23477.7031465
349,23488.3188479
350,23493.7249367
351,23477.5561973
352,23474.6145075
353,23443.8180749
354,23466.0193292
355,23448.5844924
356,23483.9833557
357,23465.1023859
358,23484.4192665
359,23488.3514711
360,23455.1138177
361,23466.0106116
362,23487.959043
363,23488.5600646
364,23486.5673089
365,23339.7741403
366,23452.5234096
367,23462.195801
368,23487.9592812
369,23484.7705399
370,23469.277178
371,23457.0031111
372,23480.6478132
373,23468.8729396
374,23489.4221566
375,23488.8376368
376,23490.2943487
377,23440.8943498
378,23474.9350864
379,23485.1574092
380,23485.4454121
381,23486.1176354
382,23479.4370741
383,23440.1311051
384,23477.4501128
385,23421.1715487
386,23482.9132717
387,23446.6453777
388,23488.5312838
389,23414.4894009
390,23474.5037302
391,23461.7248641
392,23476.5721999
393,23496.6167486
394,23487.739865
395,23449.6200759
396,23478.9340984
397,23493.3272018
398,23490.7343384
399,23486.6258724
400,23443.3838723
401,23496.9234163
402,23470.5745978
403,23481.5966372
404,23480.0364363
405,23485.724905
406,23491.6800126
407,23465.0466526
408,23481.1423619
409,23486.1413643
410,23490.0092103
411,23454.9229532
412,23488.2302117
413,23488.3509138
414,23489.1095883
415,23467.9434561
416,23475.7246945
417,23453.648409
418,23490.9948552
419,23488.3586594
420,23470.3034948
421,23477.379366
422,23479.2074998
423,23488.0547328
424,23483.9620841
425,23488.5338296
426,23474.8410872
427,23469.8953772
428,23481.4055362
429,23488.3356468
430,23430.3016882
431,23475.1257334
432,23350.743973
433,23437.0058945
434,23487.0511061
435,23473.111535
436,23487.1655749
437,23486.0744803
438,23490.6976473
439,23485.8792631
440,23491.1561911
441,23400.5170174
442,23482.0215016
443,23484.7530978
444,23488.7560471
445,23490.8566023
446,23487.8097636
447,23479.3157448
448,23479.1390968
449,23487.451042
450,23473.944936
451,23482.3592359
452,23489.6487931
453,23491.9419898
454,23471.1656716
455,23491.6437711
456,23491.359124
457,23483.9237873
458,23444.7382675
459,23475.6380087
460,23489.731422
461,23485.0096012
462,23469.1274768
463,23476.9323961
464,23477.8014751
465,23479.8281743
466,23487.2351351
467,23489.1735417
468,23489.3066548
469,23477.0926218
470,23482.5289417
471,23490.5997178
472,23489.1581212
473,23475.250047
474,23437.0986654
475,23483.8273389
476,23461.2469728
477,23469.4857625
478,23482.8722738
479,23453.7145853
480,23462.9120913
481,23460.8705848
482,23446.3235121
483,23461.933941
484,23464.1892317
485,23489.2836707
486,23490.2387619
487,23488.5095996
488,23481.4509877
489,23482.5137067
490,23477.835418
491,23487.4293565
492,23471.71095
493,23491.6289209
494,23492.6329011
495,23480.4544512
496,23481.2739453
497,23483.3465811
498,23486.1270524
499,23484.3717948
500,23485.3455683
501,23461.5536474
502,23490.0252734
503,23433.6055068
504,23491.1731465
505,23475.3953294
506,23492.8512946
507,23463.7551532
508,23471.9285762
509,23457.4896534
510,23473.8184385
511,23462.0945956
512,23476.6155147
513,23486.3277294
514,23429.2134666
515,23467.6401207
516,23438.2939677
517,23486.4330352
518,23494.026342
519,23491.2797287
520,23486.94496
521,23480.31968
522,23461.4895871
523,23487.6784299
524,23493.3945021
525,23478.5944796
526,23486.2810729
527,23483.8567185
528,23487.6730432
529,23460.898517
530,23463.3050365
531,23488.5550257
532,23482.9048795
533,23446.3306865
534,23490.3360982
535,23473.465327
536,23491.9955778
537,23492.2328477
538,23474.1365414
539,23479.1150657
540,23487.0797621
541,23470.8280572
542,23459.2155535
543,23477.4854583
544,23475.4932473
545,23452.9241981
546,23483.2648303
547,23486.8985987
548,23479.7746803
549,23489.8395233
550,23478.4607003
551,23433.4449084
552,23483.418405
553,23466.1128158
554,23475.2471326
555,23482.1882389
556,23488.1227839
557,23445.5050192
558,23442.9130117
559,23473.8740763
560,23478.3135815
561,23437.0118843
562,23487.7826296
563,23440.8785455
564,23488.5805302
565,23489.8411668
566,23488.4642316
567,23488.1726894
568,23486.8229452
569,23474.9604076
570,23488.1603532
571,23486.4408862
572,23485.6290936
573,23450.2559441
574,23491.207571
575,23413.0360383
576,5195.81526001
577,4374.04192507
578,23032.9015727
579,3007.91115367
580,3008.08726683
581,4648.25896449
582,23134.4061383
583,23470.1132119
584,23298.6867885
585,3008.46861552
586,3281.76986693
587,3282.07338449
588,3829.82750668
589,4102.80336681
590,3829.75495396
591,5470.82480009
592,4376.62643243
593,3282.2577702
594,5466.89286979
595,1640.32743755
596,2734.93465558
597,1640.25995525
598,2187.11342817
599,1640.01275989
600,2460.69569895
601,1639.9572455
602,3006.47718919
603,3555.50627054
604,3555.86199701
605,3829.36495257
606,2188.18159991
607,3829.2403989
608,3282.68127071
609,8767.19069392
610,2735.83061358
611,2735.82080606
612,7731.59183222
613,2735.80344864
614,2735.90414211
615,2735.79496036
616,2735.48843066
617,2735.85564306
618,2735.86957465
619,11126.1261757
620,23014.6007731
621,2735.82762735
622,12039.2371476
623,2734.92359193
624,3008.93500594
625,4376.55238023
626,2735.76340404
627,2735.58362314
628,3008.90897099
629,3009.42996844
630,3009.00997865
631,3009.09963191
632,8513.11212519
633,3559.33251097
634,3009.04264391
635,3009.06812623
636,3009.00384951
637,3283.73274496
638,3555.39838227
639,5468.63430322
640,3009.05254343
641,4649.45480181
642,4649.51612097
643,3009.00193456
644,3556.62142255
645,3009.03330877
646,8532.87274885
647,2734.89856576
648,2734.89446139
649,2461.68466367
650,2461.60132612
651,3282.61192423
652,3556.04512443
653,3556.08090639
654,4103.32198103
655,3829.75382375
656,3282.07234786
657,3282.08902252
658,3829.61529787
659,3282.14198293
660,4103.02414655
661,3829.85775887
662,4103.57425842
663,3829.72932441
664,3829.86999217
665,3829.85915508
666,4376.75000022
667,3829.79065811
668,3829.79203409
669,4102.93724505
670,3830.08308005
671,3282.06485289
672,3281.94853538
673,3008.41895426
674,3281.9030599
675,3829.86140456
676,3829.9019551
677,2735.17996367
678,3008.52668794
679,2735.05955356
680,2461.4080775
681,3008.25178386
682,2461.55994706
683,2734.69203782
684,2461.56192978
685,2734.97095802
686,2734.87943177
687,2735.01909597
688,2734.84820135
689,2734.5767388
690,3008.54752291
691,2734.83598178
692,2734.76180566
693,2734.75311702
694,2734.72540284
695,3008.17150414
696,23473.4185321
697,23434.4571996
698,23490.5711363
699,23489.5143332
700,23491.4646362
701,23485.0972105
702,23478.4502893
703,23457.4034196
704,23476.7154446
705,23486.1028123
706,23493.7338653
707,23416.4891669
708,23478.5940488
709,23467.6745309
710,23472.4481043
711,23445.8989577
712,23479.7927008
713,23474.7840014
714,23488.4236884
715,23488.3619495
716,23488.6428856
717,23484.2812937
718,23492.0399706
719,23483.6017413
720,23468.5015779
721,23466.208054
722,23477.8561647
723,23453.2880419
724,23486.8423323
725,23475.4368183
726,23488.2687127
727,23486.4974578
728,23472.120889
729,23482.9684392
730,23488.3888431
731,23428.9542402
732,23485.9129132
733,23473.6362368
734,23463.2820087
735,23483.1966185
736,23490.4995802
737,23466.2230724
738,23481.7397714
739,23437.7856541
740,23473.3739103
741,23481.4375846
742,23484.6775049
743,23385.3751663
744,23490.3245827
745,23473.4219045
746,23485.4049521
747,23490.3256177
748,23469.2806521
749,23483.7520937
750,23443.8344231
751,23462.1944605
752,23493.1853171
753,23490.5787668
754,23489.6039635
755,23487.3399401
756,23488.1212261
757,23475.4880787
758,23487.6778662
759,23428.5281462
760,23468.9262471
761,23459.8266966
762,23491.1894256
763,23476.5686665
764,23465.8674427
765,23482.9278484
766,23490.4231474
767,23489.5018229
768,23475.713263
769,23481.1014086
770,23453.0613762
771,23486.8044662
772,23326.8308311
773,23473.2417493
774,23491.63416
775,23471.3212303
776,23491.750069
777,23480.6033366
778,23474.6597772
779,23487.2881091
780,23478.3781584
781,23486.9630096
782,23468.6292022
783,23490.7564363
784,23428.2771904
785,23479.9250083
786,23489.7620622
787,23489.8028809
788,23492.3459789
789,23489.4958362
790,23486.3721886
791,23485.0017577
792,23484.1172747
793,23489.4545616
794,23492.5436149
795,23485.8619675
796,23479.1476691
797,23487.219205
798,23464.8610451
799,23475.6679533
800,23489.0864782
801,23474.4072397
802,23484.4775906
803,23476.8442137
804,23476.44723
805,23428.3721625
806,23472.1963498
807,23418.0090085
808,23487.2562007
809,23479.4582551
810,23485.4916916
811,23475.4936279
812,23483.050378
813,23486.4270828
814,23440.9219171
815,3829.23762863
816,3829.35366943
817,23158.9028192
818,2460.8950648
819,2460.91362995
820,2187.80664249
821,3829.35763291
822,3008.08383241
823,2734.76943602
824,3281.67287531
825,2735.01112024
826,2734.71727796
827,2735.01028327
828,3008.24949016
829,2734.97103039
830,2735.06491884
831,3008.37980053
832,3281.23211866
833,3281.06828927
834,9571.03147791
835,2187.89038485
836,2461.056007
837,2460.9584083
838,2460.92007651
839,2734.84165738
840,3008.13218105
841,3008.12895701
842,3007.71606081
843,14200.1264429
844,2734.63508254
845,23478.168904
846,23485.7340553
847,23474.0447966
848,23420.9175321
849,23485.8056361
850,23449.0249394
851,23462.9591641
852,23480.2782991
853,23462.3930708
854,23487.5668108
855,23482.3139463
856,23465.5362294
857,23490.3211396
858,23483.0354422
859,23478.6789462
860,23469.8933481
861,23490.5235108
862,23422.9327653
863,23484.8601223
864,23485.1107128
865,23494.2777216
866,23487.9690275
867,23482.3030691
868,23491.3565301
869,23478.7045876
870,23489.2981524
871,23493.3613753
872,23447.5341975
873,23475.0415422
874,23488.6742583
875,23494.9604648
876,23485.9434152
877,23488.5097427
878,23449.918569
879,23485.9341907
880,23492.2732871
881,23435.0494624
882,23485.0323185
883,23484.9853437
884,23420.819846
885,23493.3813242
886,23421.2537928
887,23457.079516
888,23474.4299076
889,23485.7524505
890,23477.2203252
891,23485.3543455
892,23425.5694349
893,23491.3809749
894,23481.9202503
895,23479.4580009
896,23463.5978634
897,23486.7381739
898,23482.9268161
899,23385.9169824
900,23479.4009488
901,23466.7338638
902,23482.2899128
903,23426.169453
904,23493.3485442
905,2461.55395138
906,2461.56184445
907,2461.58965842
908,2461.51655517
909,2461.51527841
910,2461.54992032
911,2461.54577275
912,2461.54227496
913,2461.53185089
914,2461.52581588
915,2461.57473029
916,2461.58111666
917,2461.56695657
918,2461.53174179
919,2461.51452593
920,2461.56749253
921,2734.67031871
922,2188.01531784
923,22391.6269455
924,23468.645477
925,2461.53751001
926,2734.79069484
927,2461.62316692
928,2461.61232353
929,2461.61203437
930,3007.98838155
931,2461.68369829
932,2461.65727495
933,4101.8122528
934,3555.33166948
935,3282.34204624
936,3555.58125543
937,3282.29666672
938,3282.2627695
939,3555.47674279
940,3555.42730834
941,3282.31409251
942,2734.73650273
943,2733.88764432
944,2734.14507115
945,1640.07097303
946,2734.76224321
947,3282.31459225
948,3282.27982092
949,3282.44305033
950,3282.3827554
951,3282.23756492
952,3282.06354612
953,3282.50715665
954,3282.3591961
955,3282.10719191
956,3282.23497106
957,3282.46298483
958,3282.03269843
959,3282.35873416
960,3282.06188187
961,3282.42992513
962,3282.06328893
963,3282.08264336
964,3282.02063612
965,3282.36615253
966,3282.18315155
967,3282.23307569
968,3282.57631548
969,3282.20195282
970,3282.32598091
971,3282.30366
972,3282.08992525
973,3281.79334954
974,2461.07480042
975,2186.93923173
976,1913.42570087
977,1913.34370396
978,1913.25890465
979,1913.26686604
980,1913.39110271
981,1913.30198707
982,1913.27099912
983,1913.31218195
984,1913.29710824
985,1913.2660668
986,1913.24435385
987,1913.25007942
988,1913.26671162
989,1913.23168602
990,2734.85243272
991,3008.18233781
992,3008.00442933
993,3008.04105659
994,3008.50361453
995,3008.56866004
996,3008.19085762
997,1913.31198681
998,1913.62548797
999,1913.44791552
1000,2733.76195242
